328957953
536248321
169574402
278560769
535330818
122519554
424771585
515571714
487555078
503185416
488767496
487751682
478281729
487653382
204177411
475267073
274169857
465928193
283115545
459177999
459210777
459210753
451936259
363986945
437682177
183992343
209846275
358744069
391577623
280789015
409862145
402948097
409206785
323649537
390266881
392069124
133595203
378896388
177668099
385187849
376700930
372047873
368803846
366149640
358940674
359792648
359497731
356777993
320241668
349110275
343801861
349241345
345374721
341016577
336330753
324239361
324042753
323944449
321159169
293142529
303726598
301400066
297795591
296124417
283639809
293732353
291405851
292093953
266108948
278429697
280854543
171540484
168591362
240320540
240156684
264470538
268337155
272826402
273580036
275218453
274038854
272629812
273383446
273055761
271187969
272859137
267911169
270270474
267124741
255361026
261128219
261128194
258670595
255557633
106659841
251494407
150110259
224034855
240451604
240287746
247529492
248446994
233373698
247365634
244318211
243433473
244482050
240386052
243597316
242712577
240648193
242319362
122388515
238518274
236322818
213385219
227016705
224133163
223281155
222232584
206929927
217743412
218333188
216825858
214433796
206733359
213221380
212434946
150437908
209223681
207683591
205127681
143032326
206831619
206569480
205094977
205750295
205717510
182353922
204439876
203620370
203685896
178454529
200310787
197001237
200015878
199786498
197034001
196640770
194904065
195166209
191627267
189890625
190119937
188547078
185597956
183402524
183566398
181338145
179175437
179961863
179699728
177274896
177274882
174915587
126943234
162922507
173473796
172851201
160366614
170197030
170164255
171802634
133365795
171933721
171933697
171933707
170131482
169410561
165642250
168263685
163545089
161513475
159776830
159416408
159875073
160825368
160497672
160825346
154042380
159776774
159449089
150372406
157515792
144605201
156991489
151519233
150896644
149553153
149323811
149225495
149094406
149323787
149192721
149291102
149192706
149094449
149454873
149192732
149225485
149323777
148340748
147685384
147783682
146833436
134873124
140902402
140345371
132382746
138969091
139001858
138805389
131170313
138838036
138805313
138870813
138870799
138838023
138805263
105807879
99287042
123142148
133824538
134774819
134414344
133758993
133595161
132939778
133300227
123306256
132874241
129105930
128974852
132415489
131268621
131366913
129466369
122257437
124321827
100827138
103579650
100564993
93454338
92274689
92373243
92209469
92209454
92209439
